ID	Y	Tr	prs_g
id1	0.643083385115531	0	0.332436754962713
id2	-0.278445649917279	0	0.678312516989828
id3	3.4273027919254	1	-0.0148768893492349
id4	-0.772280653111624	0	1.46311777410554
id5	-1.39914529605911	0	0.624299058100915
id6	-0.125950091601652	0	0.324195277564751
id7	1.13542920541849	1	0.782875905749208
id8	0.33112614206326	0	-0.125579474693933
id9	1.2381605207384	1	0.177329416935294
id10	2.41566107369729	1	0.562716831572982
id11	1.11677746062943	1	-0.372996544971292
id12	-1.28543647363897	0	-0.418743048202927
id13	1.14363479197626	1	1.02715875981012
id14	-2.06897043448638	1	0.288459959453694
id15	-0.106009134655096	1	-0.176287859308616
id16	1.38522018086114	0	1.1996602713816
id17	1.40338847630863	1	0.947148379744943
id18	0.798863869267528	1	0.495170849638785
id19	1.32065932491321	1	-0.0894014225781055
id20	1.65550083965326	1	0.20994585542544
id22	1.19217396208913	1	-0.229643767577954
id24	-0.218649983876504	0	0.349543488188306
id26	0.849709989165769	1	-0.342162198859109
id27	2.20927359415577	1	0.244697959732517
id28	2.8390314037014	1	-0.24977718130668
id29	-0.0832793757219335	0	0.397943705031952
id31	0.633906888292889	0	0.581301762969464
id36	-0.139485779636952	0	-0.0123511647805822
id37	3.00237723053319	1	0.209919175884074
id40	2.1671111050595	1	0.253572659981605
id42	0.302193343967859	0	0.334470687690793
id43	-0.330180282292897	1	0.360000604027705
id44	0.592263701436168	1	-0.232271221028079
id45	1.82164948755317	0	0.661628578207949
id46	-0.301968829838224	1	-0.290241213002726
id47	-0.155110404916824	0	0.245787487240602
id48	-1.09723722051872	0	0.714547226999929
id49	2.2641797507347	0	1.0665905360537
id50	-0.322202490640558	1	0.330509183004743
id52	1.31142067465756	0	-0.864520288266586
id53	4.26467984498389	1	-0.212460082562277
id54	0.0760955657048016	0	0.484652116119135
id55	1.41931864804486	0	-0.166709075792703
id56	-1.5790253462459	0	-0.0733871254979647
id57	0.404860006656201	0	0.179608005712815
id58	-0.455009934611536	0	-0.237554470994874
id59	0.228850562574106	0	-0.511236898807817
id60	0.256569536962548	1	-0.422917973130005
id61	0.998441193385671	0	0.609530793403296
id63	2.60595120917925	1	-0.578963930171322
id64	1.75094773318143	1	0.671013702161366
id65	-1.99448554805254	0	0.657621106374024
id67	0.806146886236559	1	0.122189583346275
id69	0.653134712679564	1	1.02636967914299
id70	2.01944177633096	0	-0.325613532422191
id71	-0.135645470047335	0	-0.0917807525964505
id72	1.88302943767707	0	0.576673284387084
id73	1.39871686924857	1	-0.166659997418909
id74	1.32946956359332	1	0.0450808465099835
id75	-1.66495824410875	1	0.381726546863029
id76	2.13051926260273	0	0.213423667592703
id77	0.345789815701803	0	-0.150103029158492
id78	1.75907863514682	1	0.974916848762865
id80	1.94032817983565	0	0.133195553410909
id82	0.976282469593027	0	0.269744728712934
id83	-0.351914917971138	0	0.476686086984855
id84	0.779427677633088	0	-0.0630452573917939
id85	2.99879756509531	1	0.194396893897966
id86	1.08248146439234	1	0.382386790053547
id87	1.89103503378165	1	0.463848370656604
id90	0.287892569413834	0	0.183886435937245
id91	0.521170401890597	0	-0.00862875211672529
id92	-0.0439722120324485	0	0.871994361550228
id93	0.872889809225058	0	-0.462518958321609
id94	-0.486012272296812	1	0.13443612079816
id95	0.468344883701742	0	0.771347433555378
id97	0.161836785210335	0	-0.119015525871591
id98	0.483950823522766	0	-0.223047098503912
id99	0.487982946123215	1	0.21960246563963
id100	1.64089348938343	0	0.597718882854039
id101	-0.61750524402795	1	0.614023012960439
id102	1.84070562011461	1	0.657611883756622
id104	2.30802585066711	1	0.536314138693055
id105	-1.08559750833851	0	-0.276429887076719
id106	0.370690714866705	0	0.50193067094493
id107	-0.630622259870629	0	0.698213153668453
id108	0.557970401542059	0	-0.223627165542037
id110	1.02212791493289	0	0.892266485951017
id111	-0.593578347769471	1	0.166373751903668
id112	-0.984643449472824	1	0.0757307311276529
id113	4.22114893468825	1	0.837763605601719
id114	2.76172636160274	1	0.412355438541365
id115	2.37022090098871	1	0.360746669092976
id116	0.853987528786463	0	0.922338304411001
id117	4.31358589406483	1	1.09859105593063
id118	1.61346830758354	0	0.77461870877119
id120	1.55219209119161	0	0.533129082922765
id121	1.96538847716723	1	-0.342565675854316
id122	1.87199372845182	1	0.222774771647667
id123	2.6170975362342	1	0.172985762282149
id124	-0.409345812439953	1	0.0920769679354717
id125	-1.09569687886924	0	1.31034698794851
id126	3.88737130649501	1	0.435289818733167
id127	0.0895993728294324	0	-0.225598753914948
id128	-0.457240339743242	1	0.962402430574187
id129	-0.928836668866565	0	0.18430458244823
id130	3.48127817596514	1	0.999285331576825
id131	1.00184033783476	1	0.142975211839351
id132	-0.154669692070418	0	0.206957803648618
id133	-0.270146061565657	0	-0.349792763579166
id134	0.561700616943458	1	0.786137470319334
id135	2.60906860516237	1	0.58074534365348
id136	-0.605235940578307	0	0.0280052299547331
id137	0.933831127908511	1	0.32327279986611
id139	1.56153423095268	0	-0.476078888233134
id140	3.34363562536993	1	0.0555814926004743
id141	1.92429814193603	1	0.615932427348437
id142	0.837547449011855	0	-0.168320943285249
id143	0.391131787753999	0	0.146126743996194
id144	-1.08181260617463	0	0.699786136743446
id146	3.01632790044896	1	-0.269142357847655
id147	0.84987060319895	0	-0.0357067498543899
id150	4.28433611600951	1	0.720217864793623
id151	1.00950187947651	1	0.245390656194225
id152	0.131363973666768	1	-0.340769212353598
id153	0.57762706304723	1	-0.220582288112843
id154	1.29583019909028	1	0.310500840122244
id155	-0.35439278536037	0	0.23088642495816
id156	-0.608403256844178	0	0.252099099550388
id157	1.81577852844303	1	0.064164092146757
id158	-0.525853396028679	1	0.366603085644613
id160	-1.37031769204934	0	-0.346808838817497
id161	0.329873209643659	1	0.100342675491227
id162	-1.14651897030361	1	0.122738690630689
id163	0.115366199796942	0	0.324908331916967
id164	-0.322108192393286	0	0.468116689463342
id165	-0.522981746974714	0	1.55777546551232
id166	0.0442815744272356	1	0.248510460261059
id167	0.520170721521795	0	0.209945475364936
id168	0.141316901511225	1	-0.564886011933188
id170	0.698127036181942	1	-0.0243493372680037
id171	3.07022338214378	1	0.336432660441912
id172	-0.867752110091186	0	0.242417664999599
id173	0.303369051749501	0	0.668817166657374
id174	-0.0603363243745452	1	0.351998646565359
id175	-0.962868667145604	1	1.04511857663344
id177	1.27836362693111	0	0.236942459588748
id178	1.59136021651332	0	0.341657581948991
id180	-1.33998679180356	0	1.20883545173687
id181	0.242978141381429	1	-0.195589993007039
id183	0.349221769073778	0	0.0206810465804125
id184	1.04052948355841	0	0.409068205907861
id185	1.05876780360554	0	0.680519927692393
id188	5.01447770340056	1	0.0211751492765512
id189	-1.35568785467051	0	0.225738397825178
id190	-1.27838659656296	0	0.636882322865247
id191	2.31052493723314	1	0.511191688973096
id192	1.52806333419943	1	0.527523782502294
id193	1.34488712763593	1	0.169494632877605
id195	-0.739316533895777	0	0.105295261222584
id196	-0.522957940157321	0	0.193874652944811
id197	-0.0996880275709931	0	0.623656207304827
id198	3.60348205879879	1	0.160987171960872
id200	-0.87241796636171	0	-0.339597124899961
id201	2.48620963630079	1	0.0883083792747374
id202	1.15965355508048	1	0.223686994895463
id203	-0.82358741646597	0	0.571186657467738
id204	2.3468281518373	1	-0.0629251855571447
id205	0.125650203515906	0	0.274637305142118
id206	-1.6083382073555	1	0.264613100158307
id207	0.88987937991751	0	0.563405806368302
id208	-0.299778059095674	0	0.423533889647785
id210	-0.363435942288242	0	0.853875166880745
id212	-0.88885868923694	0	0.482194198286187
id213	0.0386807422475288	0	0.538763637731853
id215	0.0379402418924778	0	0.352428264614098
id216	0.436404153733715	0	-0.410362188618059
id217	-0.534920773668659	0	0.35426238419129
id221	1.12615885722091	1	-0.502536298720261
id223	1.6362136962592	1	-0.108493595930521
id224	1.08197703505578	1	0.36381286827519
id225	-0.450528047718181	0	0.166888974126449
id226	-1.068409816763	0	0.356738609241292
id227	-0.879473421885578	0	0.114233587230748
id228	1.10103537064955	1	0.0396607446042581
id229	3.39356933800379	1	0.349978898206824
id230	-0.435061905895473	0	0.392344866581258
id231	0.562202558217087	0	0.835704535591964
id232	1.22972238602027	1	0.560317378595191
id235	0.59856188044876	0	-0.118074582761628
id236	3.17346352357192	1	0.830087561682059
id237	-0.559511598080995	0	0.0569516413638878
id239	-0.128878066581522	1	0.0513917149793193
id240	0.323029270851886	0	0.140972885116822
id241	1.78242725977427	0	0.560504789930286
id242	-1.12331404387516	0	-0.141658477119349
id244	0.225914749504838	1	0.573849090960364
id245	1.15122911031546	1	0.515323573613733
id246	1.53383246955496	0	1.00441341434661
id248	0.745061770317669	1	-0.0619343980926952
id249	0.240002344531882	0	0.327314729657328
id250	0.19389783780741	0	0.305118234694061
id251	0.881342093392872	0	0.856440275770025
id252	0.0813758719987046	0	0.307654193260167
id253	0.192218017976555	0	0.250590767223027
id255	0.446050003531334	1	-0.222798137792201
id257	1.33186686628207	0	0.0969579137760323
id259	-0.782342073759448	0	0.406266975710569
id260	0.722056868181711	0	0.0572958765188598
id261	2.43971045919222	1	0.614733194596348
id262	-0.38732799319405	0	0.881656007312549
id263	1.61115645456319	1	-0.386222635191568
id264	0.563103843575107	1	0.581369068988568
id266	0.197420867102636	1	-0.0504321220021125
id267	1.37249582880928	1	0.316114365217402
id268	1.2118222641357	0	0.114604156044943
id269	0.591421950066358	0	0.99584718550597
id271	0.709750191531364	1	0.589501847210559
id273	3.53278819825853	1	0.630067784487936
id274	1.26754779510487	0	0.38576419581907
id276	1.41092632868423	1	0.267454694449622
id277	-1.61158887293823	1	0.494900668281048
id278	0.106740553425849	1	0.579477048582004
id279	-1.27997322946599	0	0.859505811560437
id281	-1.62360317108672	1	0.0756216277642251
id282	-1.23405396902971	0	0.213694314945502
id283	-1.2928544725652	0	0.18580500184034
id286	0.0196244670554059	0	-0.0680320541506623
id287	1.1755644813082	0	-0.712853854378811
id288	-0.710013071476942	1	0.413050799624114
id289	0.0988933599789252	0	-0.317857276166448
id290	0.998561176631074	1	0.656605319848477
id291	1.36852990981228	1	0.420624645717266
id292	0.907924534752192	1	0.0385073398986913
id293	2.34563774938726	1	0.61287935815894
id297	0.599892797540894	1	0.482563284437903
id298	0.639452050703339	1	0.299613073985078
id299	-2.18462941771572	0	0.411431218432401
id301	2.11055385376625	1	-0.0511707669985684
id304	1.85113431537646	1	-0.452825754701986
id305	-1.14007565060295	1	0.63097773766938
id306	3.13270820050261	1	0.215172812974529
id308	1.30668211953611	1	0.379139222724368
id309	-1.64997369508114	0	-0.133394474170574
id310	0.935309537596307	0	0.864203900377381
id311	3.549278344149	1	1.02212614134903
id313	0.662799451015558	1	0.217158985959321
id316	0.544566142488802	1	0.872921051385863
id317	-0.941331264251184	1	0.55318487542196
id318	0.172588676438394	0	0.351489260186741
id319	1.69415811969665	1	0.141079903180931
id321	0.557748180751394	0	-0.0656570303016022
id322	0.810827948076109	1	0.796777724049338
id323	0.322966497801394	0	0.519275254962719
id324	0.706477275223337	1	1.34805136218282
id325	-0.432957615462703	0	0.191700685512597
id326	1.24308532408739	1	0.165949439293016
id327	0.711221502499778	0	0.637069120936219
id328	0.313736063363579	1	1.05192294735075
id329	0.442407956871051	0	0.30476598260154
id330	-1.0893685615787	1	-0.0234079703410203
id331	2.64141456142381	0	0.844607544227763
id332	0.220923121226987	0	0.597146625264542
id333	0.203407425677657	0	0.971624037151
id335	1.40929678216169	0	-0.681145745021603
id337	3.41782161854592	1	1.13279660567095
id338	1.23783533264561	0	-0.203375662108787
id339	0.151618897737615	0	1.2287685927258
id340	2.90181818550141	1	-0.101035075591503
id344	1.01867967267603	0	0.622205659407962
id345	0.89278003648442	0	-0.129554891198347
id346	1.64344004572325	0	0.370481336951691
id347	0.471434905021372	1	0.569934302888865
id348	1.73327624838264	1	0.396694677061529
id350	-1.61437950168746	0	0.171917369726835
id352	-1.6373114378555	0	0.187048616769175
id353	0.465576625176086	1	0.74133181525884
id355	2.38295309748116	1	-0.428599800566282
id356	-0.323849534274877	0	0.172298563605054
id357	-0.640338474015107	0	0.189814098593202
id358	0.189585944642431	0	0.784188619433864
id359	-1.05307549114426	0	0.442266403255042
id360	1.27618045430215	0	0.967321541713276
id361	0.237307423641514	0	0.187994356747792
id363	0.620955694086194	1	0.0645599010055069
id364	3.6722255811981	1	0.358291287104109
id365	0.620022966461542	0	0.132128710868206
id366	1.4551235708461	1	0.654441343743914
id368	0.159650913665045	0	-0.495255646358499
id369	0.611614273251098	0	0.752515525661932
id370	0.118901511546689	1	0.0881836013783067
id374	-0.312941284964457	0	-0.20016113532273
id375	0.665931069660607	0	0.532184148679717
id376	1.10834552490999	0	-0.35181656070704
id378	1.51992549407118	1	0.203173602952973
id379	-0.0687544849398021	0	1.02827382633138
id383	2.05840931974698	1	0.244524508768424
id384	3.4000760128599	1	0.746174299661838
id385	0.398220936475983	0	0.541504824311676
id386	1.71172816837621	0	0.102150744762151
id387	3.56993354085702	1	-0.386236931176769
id388	1.50437933041932	1	-0.32851539053925
id389	-1.1131496103225	0	-0.672213302774311
id390	2.40056488943401	1	0.231952693111604
id391	0.620785535384011	0	0.314084377067904
id392	2.08505583425093	1	0.321855167031229
id393	1.58904581306313	1	0.806131479800102
id394	1.21362753543071	1	0.169284370928454
id395	-0.594938653779445	1	0.234377516687954
id396	1.4104982500203	0	0.00349074644255813
id397	0.480049557674761	0	-0.14806106114616
id398	-0.270134947884454	0	-0.379365256604902
id400	1.23206024950882	1	0.335979501426924
id401	1.38426867962548	1	0.287821433229293
id402	-0.649734887604023	0	0.441329143625357
id404	0.927871538801728	0	0.800328572901027
id407	0.962052554438695	1	-0.304941429878565
id408	2.42716710944392	1	0.283634491942556
id409	0.583438643802965	1	-0.233544806408863
id410	-1.41978407346228	1	1.28954620185816
id411	2.66249571580463	1	0.46328276649355
id413	0.0916612580068568	1	0.835128641461013
id414	1.53086660356514	1	0.473291700426469
id416	4.38339029007081	1	0.0524685730443468
id417	-1.64450835354984	0	0.17926346763416
id418	0.0325108633020743	0	-0.23058410398732
id419	-0.0375748281361181	0	0.165160427578946
id420	-0.207329008007268	1	0.0631074979741516
id422	-0.729831433406563	0	-0.117683568030917
id423	0.26203048097888	1	-0.0436546832359271
id424	0.245119888450455	0	0.073064510735352
id425	1.51662885347411	1	0.262152036709227
id426	1.31692176064328	1	0.344295109942004
id427	0.985839518873184	1	0.0376824730438701
id428	1.59091650208242	1	0.488335132948048
id429	-2.14270740612797	0	0.602468997225426
id430	0.868341460044992	0	1.17528519317986
id431	0.379410904875766	0	0.220501928717503
id432	1.60656106492114	1	0.546294632783609
id433	1.45205269110166	1	0.318327487455047
id434	-0.162738039148518	1	0.518342466682789
id435	-1.3197868653422	0	-0.224352759353293
id436	0.392160291647189	1	0.131144425083451
id437	1.3448687744465	1	0.854474966841007
id438	1.08163697842989	1	1.09947422987636
id440	1.00253661856166	0	0.0856076847421901
id441	-0.564470967635936	1	0.728838832978145
id442	2.50565931775764	1	0.795560315012952
id443	2.68767229383367	1	0.0780328536952
id444	1.31436233151056	1	0.511955174805505
id446	0.506149010894923	1	-0.207129710026773
id447	1.01117073137418	1	0.314612936107559
id448	1.91894752457169	1	-0.276628063977262
id449	1.44712779965868	1	0.21773664065988
id450	-0.331813650730171	1	0.515458009710217
id451	0.0455096923487425	0	-0.0371361810690698
id452	1.18381559737257	1	0.10986136318711
id453	4.02342409866965	1	-0.30524775020662
id454	-1.84051294133089	1	0.0377883537462681
id455	-1.02237921596841	0	0.47959351481747
id456	1.73332023337897	1	-0.101653101646353
id457	0.287885327516885	0	0.844756979359883
id458	-0.192293673762286	0	0.349446059243765
id459	-1.92726686938552	0	0.261902990888422
id460	1.58727067687767	1	0.0586127352529167
id461	0.304425112565708	1	0.0367932746242845
id462	2.13878256885363	1	0.587174946099467
id463	2.44173700742734	1	1.10808899684807
id465	-0.394181353918186	0	-0.535442036033289
id467	0.593383057388159	0	0.590359573317971
id469	0.962881672027783	0	0.490934321973731
id470	-0.367138589240024	0	0.455571807076049
id473	1.77051021374565	1	-0.330541895381971
id474	2.17891731989015	0	-0.165131646244784
id476	2.70281590754179	1	0.443474089414325
id478	-1.81958229791746	0	-0.00562242627002738
id479	-1.28818247662859	0	0.0347693437953038
id480	0.221767710925806	0	0.175329116355836
id481	-0.000325185122620142	1	0.343626026425425
id482	-0.699380766898953	0	0.351863438110058
id483	1.08258630267771	1	-0.0459729680039086
id484	0.0892945896143151	1	0.0951684720454162
id485	0.146465956667743	1	0.173400596721502
id486	-0.258349064227839	0	0.18403195877462
id487	1.45752051017903	1	0.334796536694878
id488	5.0068023614107	1	0.457831845307649
id489	0.516905983761807	1	0.69092700819698
id490	-1.11233869812345	0	-0.447034949142679
id491	-0.182959011625524	0	0.0288769754711888
id492	2.00399462184976	1	0.460826319361402
id493	-0.183821546165875	1	0.709466933363142
id494	0.970621510675507	1	-0.0646055052906777
id495	1.12250593255376	0	0.412012549785603
id496	1.32133388585443	1	0.0761033911504944
id497	0.469795081657286	0	0.436773293292648
id498	-0.225556311172579	0	-0.78613633381602
id499	2.20968169784365	1	0.377377218765924
id500	-0.573721735353277	0	0.568404544344688
id501	-0.159284627192948	0	0.816680490196716
id502	-1.23717414263918	1	0.223711551915624
id503	-0.852977786892371	1	0.355641704740969
id504	0.987863815519713	0	-0.0559494028314511
id505	-0.667343347585139	0	0.269921772740613
id506	-0.449565724028896	1	-0.113987219895727
id507	1.15642880038598	1	0.203553230038934
id508	0.972138062072874	1	0.480104875707825
id509	-0.487137257156636	0	0.431553762180634
id510	0.799582361433667	0	0.956829397546198
id511	0.473889642930195	1	0.66717399006383
id513	1.57721009887656	0	0.239954007573498
id514	-0.202281163062981	1	0.423676824525028
id515	2.73791094295671	1	-0.215469750414723
id516	1.88121074489847	0	0.357044223344852
id517	-1.78982935035939	1	0.723729142081169
id518	0.799787537315626	1	0.795920256382279
id519	0.0589576200830903	1	0.495623873429369
id520	1.20818212294756	0	0.373007292416452
id521	2.38174964718265	1	-0.27262913704277
id522	-1.08047143455822	0	0.463809500548755
id523	0.0392368001506987	0	-0.189154074959635
id525	-0.0912591135862131	1	1.4250888250663
id526	1.27044766396377	0	0.547929618542755
id527	3.18553777675334	1	1.59525455225201
id529	2.25621298662152	1	0.68980354653657
id531	0.0514744093266766	1	0.166729366547561
id532	-1.33365445147254	1	-0.386660119682532
id533	2.46306934371618	1	0.010681379321445
id534	-1.25347534904327	0	0.0313352735532797
id535	0.403910339669804	1	-0.435648690870925
id536	1.5532950591381	1	-0.157671915104002
id537	-0.240829772560393	0	0.871349106310448
id538	0.865820656545127	1	0.621332488961288
id539	0.30881168517222	1	0.934344109133873
id540	-1.2811544277164	1	0.153903900987031
id541	1.59010123425522	1	0.119027437075968
id543	1.86681814700191	1	0.580894217800224
id544	-0.688753190829474	0	0.293401767639177
id545	0.583262403001291	1	-0.0148844824824273
id546	2.99975507286881	0	-0.176823978883239
id547	-0.213911425833817	0	0.255748617794287
id550	3.63046961580337	1	0.115213752417291
id552	2.36750197740289	0	0.708213676329863
id554	0.170256500282664	1	0.548191254816827
id556	0.822160423578691	1	-0.149356609052328
id557	0.354854639030455	1	0.381389757003383
id558	3.61478265136683	1	0.1041240803498
id559	1.04740063856313	1	0.0089283605615781
id560	0.937235460653577	1	-0.477450239496274
id562	-0.0267513904967775	1	0.176909946684741
id563	0.729227213733578	0	-0.237433881987823
id565	3.24205271825177	1	1.08718221272753
id567	0.761035985786421	0	0.915949338447358
id568	-0.873231891812675	0	0.64056489152299
id570	2.52615251173693	0	0.364330247561946
id572	0.966535490509319	0	1.04312702684897
id573	2.72932166649697	1	0.239812546116104
id574	0.204272257889169	1	0.365588898662216
id576	0.590698570454448	0	0.419223102337099
id577	0.979804402165024	0	0.554664503685443
id578	-0.594358549732782	0	-0.458104650061698
id580	0.727352749789885	1	-0.0315968427687092
id582	0.471715760760162	1	0.408663997672805
id583	-1.70748367164674	0	0.538275512793354
id584	-2.37099880887852	1	0.305606701390806
id585	0.878757712262329	1	0.951236171403105
id587	1.6682334908317	1	0.0753328582672328
id588	0.94878254881872	1	0.305341360479747
id590	-0.72913033533669	0	1.06085011817738
id591	2.70877826176438	1	-0.270899658778536
id593	0.436907857888467	0	-0.050075703828179
id594	1.76032081194592	1	0.0608661083494425
id595	3.16301684332152	1	-0.153332632949316
id596	2.75962823123152	1	0.242205327115737
id597	3.03039786636968	1	0.627403253608681
id598	-0.232837840814664	0	0.100450573913778
id599	2.73046874753609	1	0.0522603615005621
id600	-0.271094034630067	0	0.252690080101458
id601	1.00118405681514	1	-0.192673823620057
id602	-0.20806504253127	0	0.519498784276015
id603	0.629436363780032	0	0.149789083791775
id604	2.34317696887979	1	0.0418503060129332
id605	-1.10865198472986	0	1.12318820108661
id606	2.41575768957847	0	-0.0589472955325864
id607	-0.717013337300505	1	0.130779640628689
id608	-0.0206308295392702	0	-0.644946083500907
id609	-0.476745520523824	1	0.0952109862205234
id610	-0.897668136527754	0	0.428620306349989
id615	1.7881001225946	1	-0.158213185276334
id616	0.742274011134998	0	0.0361975053647014
id618	1.90535453003984	1	0.0622833850274884
id619	0.700093221096522	0	-0.00202459325826253
id622	-1.20758402305427	0	-0.539238381525801
id623	1.36893594573821	1	0.201390938526355
id624	-0.66221516824623	1	0.287530722358138
id625	2.69821526775815	1	0.594731867850075
id626	0.565550530675377	1	1.10836147762744
id628	1.3120025408623	1	0.649328468627351
id630	1.39572953497127	0	0.961880923070328
id631	-1.41651722062374	1	0.459875300920991
id632	-0.803177186403822	0	0.182560406000798
id635	2.31754427408252	0	0.304772422001161
id636	0.887013717546287	1	0.0141021938402318
id637	1.56779013817107	0	0.646524419850059
id638	2.61467961575806	1	-0.428848529441724
id639	2.24190064603433	1	0.538645406621823
id641	3.04377306108724	1	1.73191781233081
id643	-1.70141095103034	1	-0.096901585509581
id644	-2.20363499453625	0	0.040255202838122
id645	2.64057545415757	1	-0.0649714668426272
id648	1.65467539810975	0	0.334172651328975
id649	1.31604400609328	0	0.0700986734181684
id650	2.26363358658915	1	-0.0551749798917381
id651	-2.90697095802267	1	0.674950803552072
id652	1.00949505513273	0	-0.175969541393973
id653	1.62715918236085	0	0.566497829551805
id654	1.98186424611352	1	0.538833206072326
id655	-0.151496397215044	1	0.131742507749687
id656	0.583758288277355	0	-0.0828773599741047
id657	0.926118461744543	1	0.986242214585845
id658	-0.195092982547594	1	-0.248038809019942
id660	3.5740471657178	1	0.503797843242737
id661	-0.975724687333541	0	0.670773054034902
id663	0.888263513364034	0	0.261670526244294
id664	-0.14445719054901	0	0.470726208987643
id666	0.944747899356169	1	0.104523462003533
id667	3.89768365676053	1	0.703626110371447
id669	2.97553001055003	1	0.261654479331714
id670	2.27128677799156	1	0.410533634159467
id671	-1.07832025692643	0	1.07255883878108
id672	-0.300194816293607	0	1.05908661974728
id673	0.921206846975822	1	-0.464666466447207
id674	1.5780028586259	1	0.354271029937526
id675	3.21238417256333	1	-0.100795736412631
id676	-0.532957549346149	0	0.266432839078065
id677	0.962758583267694	1	-0.427539162555934
id678	0.205326301916016	0	0.276934716898674
id679	-0.249757343873293	0	0.703819829547276
id680	2.50577491722332	1	-0.0445003260769281
id681	0.225422354106246	1	0.609730279833667
id682	1.00672734249822	0	1.03940515088075
id683	-0.437912440482682	1	0.299906801710069
id685	-1.4419507164565	0	0.584805680122968
id686	-1.26402500666887	1	-0.343267148541169
id687	-0.0171057564188746	0	0.267102572516787
id689	-0.401705963807464	0	0.382577924674779
id690	0.974246778043207	1	-0.230312267513497
id691	1.43781406031562	1	0.584157009582319
id693	2.2568397938414	0	1.17873497824631
id694	-1.09691258529473	1	0.420841826675986
id695	1.1764387597688	0	-0.121654572731345
id696	1.50995647384655	0	-0.461949989686377
id697	-1.50709018899904	0	-0.0776903347751816
id699	-0.700644261047519	0	0.415845761599312
id701	2.7265922396281	1	0.375000477864875
id702	-1.59745338184464	0	-0.220296908975406
id703	0.20395630121519	1	0.678961247841326
id705	0.0710121394537537	1	-0.200922441846375
id706	1.31185115503919	1	0.374312872571306
id707	-2.17694987233208	0	0.185808761395968
id708	-0.500403521188027	1	-0.134953401933303
id709	1.13832449116451	0	0.0530081666641826
id710	1.49290317789272	1	0.0819255176510808
id711	1.52100595252198	0	0.746647218531182
id712	0.65344865196907	0	0.201290251537189
id713	0.44688187889696	0	0.687667901313836
id714	0.59759000488382	1	-0.282607753031713
id715	-0.773167843296047	0	0.933733236765947
id716	0.996379362158518	1	-0.140196558497205
id717	-1.48121087480805	1	0.268942266549187
id718	1.99913819462389	0	-0.448819090233094
id719	-0.128387764232783	0	0.784481954016544
id720	1.69572568371885	1	-0.243419869854334
id721	4.51258086213283	1	0.825426580798104
id722	0.534628671406182	0	0.260467847111952
id723	2.05418824427747	0	0.459195428040998
id724	-0.167242241929467	0	0.435994493203799
id725	1.16545148235916	1	0.185819155752646
id726	0.930352384587107	0	0.825381710067897
id728	2.60480744661643	1	0.526342879090321
id729	-0.50970006173944	0	0.420607829984577
id730	2.94567417354116	1	-0.213288443291149
id731	-1.11615415919972	1	-0.175476191920368
id732	1.94290707109043	1	0.11953892034463
id733	-1.67893188057607	1	0.499402343753544
id735	0.684743651301705	0	-0.167383530351483
id736	-0.238514131616416	0	0.362346804701378
id737	-0.284534557644489	1	1.19870909102675
id738	3.18424957138146	1	0.90708653114433
id739	0.544838566588002	1	-0.274627525823267
id740	0.398297680944006	0	0.904181515034338
id741	-0.262577241917825	0	0.246515759039708
id742	1.04403441591892	1	-0.0164447114532766
id743	1.52300524347167	0	0.878977415774671
id744	-0.0536950083998978	0	0.661009563132641
id745	1.21194596692658	0	0.168709182293901
id746	0.0154205334508441	0	0.594276614929307
id747	0.478787433627782	0	0.718721564825824
id748	0.555215217018494	1	0.0865341007339007
id749	3.05345116546793	0	-0.449451121537855
id750	2.14686105396965	1	0.439537782802311
id751	2.82851130367892	1	0.240412548939719
id752	-0.3237934509967	0	0.746471255086393
id753	1.15855903979854	1	0.825401544240694
id754	0.734691524186096	1	0.827675956159184
id755	0.283492980312817	1	-0.568856283294988
id756	0.578109718285564	0	0.217689317134824
id757	2.85290265122266	1	-0.371215892427833
id759	3.23185576151863	1	0.441909377944874
id760	1.74020622713946	1	1.0544336810638
id761	-0.399811067435505	0	0.310713194836818
id762	1.85453328602175	1	0.422278790159574
id763	-1.74531391318618	0	0.301153918657469
id764	1.76089254302075	1	0.182871851352851
id766	3.77913602595595	0	0.480214691333786
id767	2.33643363852183	0	0.770606830542083
id768	0.473830416648842	1	0.370880423432849
id769	2.29086062933222	1	0.318741968813828
id770	3.05748210348502	1	0.109199539194163
id771	1.57612697683802	1	0.340151171233439
id772	-0.528456276519343	0	0.4446767292249
id774	1.1172389173334	1	0.450529198919948
id775	-0.640403263446689	0	0.329343868830623
id776	-0.00102514637182805	1	-0.432634984812767
id777	2.37066180094363	1	-0.0415840925200376
id779	-1.65518875293937	0	0.665541930145515
id780	0.822448512875285	0	0.443302017385679
id782	-0.317071174071741	0	-0.189249178260659
id783	-1.49773197016709	0	-0.122583504416815
id784	1.2761671879877	0	0.786421298527724
id785	1.64463045742527	1	0.639003097539295
id786	0.7071036446132	1	0.253497490841728
id787	3.6663826699847	1	0.655099631937489
id788	-0.235477666377667	1	0.278937305077868
id789	0.71813509942043	1	0.323302747304822
id791	0.430194973579665	1	0.159081403312905
id792	0.756687037335009	0	0.765567534638166
id793	1.55840437072423	1	0.508521623668017
id794	1.86678628316782	1	0.677214925298117
id795	-1.76511586003949	0	0.332083868788629
id796	1.99320272103477	1	-0.307714372498663
id797	2.12159318060851	1	0.411339470046538
id798	0.392223063146092	0	0.694290930563307
id799	-0.344088000312532	1	0.638449584771617
id800	-0.00982464074067555	0	0.583799671195161
id801	-2.43312562231371	0	0.871108163123154
id802	-0.0515246924511681	0	0.299975785235051
id803	4.09574838161842	1	-0.381910058740237
id804	0.770517522392192	1	0.440615178861167
id806	0.131868364242826	0	0.670817452705442
id807	1.36244136743244	1	0.878428686178003
id809	-0.512692064286671	0	0.279100018973858
id810	-0.952153728775489	1	0.592971512161526
id811	1.75443917863025	1	0.521423112144878
id812	1.86442018880802	1	0.365663308987293
id813	0.932254305272405	1	0.126197233746866
id814	-0.0280816296899008	1	0.57976285756778
id815	1.2196547391563	0	0.823210307557259
id816	0.75966784399911	1	0.217358765770626
id817	0.135285996208501	1	0.272199316784957
id819	-0.0437781593061592	1	0.445223554942044
id821	-1.14901557030896	0	0.148737174653681
id822	0.174660673788589	0	0.210889408840435
id824	-0.646319700079234	0	-0.55987894406337
id825	0.513369779645254	0	0.386347552696374
id826	0.233025801993081	0	0.80417637387387
id827	2.61859777739427	0	0.0991697344069132
id828	0.00949511505025244	0	1.02279106023161
id830	1.42030375482732	0	0.212644575178091
id832	0.731421968860089	0	0.145003769113832
id833	0.646165475358825	1	0.202101523148767
id834	1.20675299210536	0	0.0196011613410612
id835	1.49658078729333	0	0.590078605561844
id836	1.09063945153333	0	0.471398921323097
id837	1.8951201568265	0	-0.000126948186765468
id840	0.520368295399676	0	0.284548715524719
id841	0.756659917373274	1	-0.0792936444312304
id842	2.359336568232	1	0.656363502040464
id843	0.680640851492746	0	0.689260899129474
id845	0.158996177169711	1	0.133790958498688
id846	0.620597548738739	1	0.143649530219858
id847	1.77108764277043	1	-0.391530975998414
id848	0.239544571773699	1	0.0717168757266952
id849	-0.953592815990731	0	0.0667187514476841
id850	0.773062562759019	0	0.411924011863229
id851	-0.0568577014685397	0	1.1583313819155
id852	1.47686968588437	1	-0.228103555090324
id853	0.354833979311719	0	0.0234047017344817
id855	-0.560639254925898	0	0.112765397894054
id856	1.19908314382011	0	0.229707806565079
id857	1.74188810353143	0	0.690481868963535
id859	1.80464571016675	1	0.532234621928335
id860	0.736807364358101	1	0.767852027388854
id861	-1.01303108300351	0	-0.211989741088415
id865	0.729297819434147	0	-0.0114000919396685
id866	0.177053694825301	0	0.170654568091506
id868	1.50714660285681	0	0.710388400415478
id869	1.78050922172997	1	0.229020575642492
id870	1.41351915547989	0	0.0578958847153731
id871	0.478529988978364	0	0.626171090685898
id872	1.66515016849244	1	0.853971557632476
id873	0.568045729377391	1	0.287756828257635
id874	-1.14154112590155	0	-0.3995862783664
id875	-1.5175863587143	0	0.540801874886154
id877	0.874215436265972	0	-0.558941463400956
id879	0.417688818120878	1	-0.0701238681316474
id881	1.32512358266979	1	-0.387827698067634
id882	-0.245327622502843	0	0.252982209101874
id883	-1.25947764654599	0	0.0242856863336911
id884	1.45776050809409	1	0.705864736319583
id886	1.3807435174418	0	0.717274455720771
id889	0.00873980940272134	1	0.48599087580946
id891	-0.404600400209226	0	0.00711317922825321
id893	0.0351735544773245	0	0.279281399932744
id895	1.51707582104375	0	-0.502889700660403
id896	1.2453835740382	1	-0.302040155848415
id897	0.638253866342429	1	-0.231536081159078
id898	0.0526354837631307	0	0.393892874935675
id899	-0.303946671925719	1	0.429613393050978
id900	0.212525299791321	0	0.943306095507546
id901	2.59028317537486	1	0.283325141528082
id903	0.698475645785922	1	0.764426175593373
id904	-2.04192360206937	0	-0.444082590487768
id906	1.30663457491816	1	0.153411217633537
id907	-0.531609160580934	0	0.155364078822928
id908	-0.0530989046266072	0	0.533801244603109
id909	1.26866512301924	0	-0.409085807944696
id910	-0.550287403150087	0	0.0916128655173023
id911	1.86445408595229	0	0.224244675167329
id912	-0.754539392564069	1	0.0345936730391362
id913	-0.704454225537241	0	0.255408507846974
id914	0.298823788500397	1	0.150546410941762
id916	0.19252566840471	0	-0.496829902161076
id917	0.32173772001901	0	0.538823037347825
id918	-0.682388866620692	0	0.0909308149380051
id919	-0.529053878697277	0	1.29934284679232
id920	-0.479401056273366	0	0.184805206706177
id921	1.64012379999414	0	-0.267540736001725
id922	0.418469928592559	0	0.508550479866688
id924	1.79195372747453	1	0.329204041051183
id925	2.78682391774484	1	0.145818663126315
id927	-0.181556992800114	0	-0.264698802123998
id928	-0.00167837182930763	0	-1.05363140800784
id929	5.51082797394401	1	-0.0594415360998493
id931	-0.719515176431655	0	0.648856790293416
id932	0.230950473942814	0	0.205194251732572
id933	1.77594446000067	1	0.101916438149875
id934	0.725716212085177	1	0.626388802624893
id936	-0.427635060007133	0	0.265978115414565
id937	0.404403762817748	1	0.870013615978509
id938	0.498109379904546	0	0.964795055411383
id939	0.383449522358716	0	0.461148189918359
id940	2.1360188251133	1	0.330531281696381
id941	0.383259415480575	0	0.817025707469119
id942	-0.317208503993822	0	1.10911873962233
id943	0.692099477244707	1	0.310955590058714
id944	0.106748341192545	0	0.524812549986775
id946	0.955675233387292	1	-0.161145421350758
id947	0.000942638913379645	0	0.618832243564172
id948	0.623099538220432	1	0.368303332174207
id949	-1.85661558829889	0	-0.332000239873133
id950	2.10888653863162	1	0.373909336463456
id952	0.985988668603201	1	-0.205385905544835
id953	1.87127552120925	0	-0.334148104007073
id954	0.759770025222515	1	0.606688372330076
id955	3.77452766914739	1	-0.364293857979416
id956	2.43436080103236	1	0.883641911964813
id957	-1.26114763476087	0	0.658139012789696
id958	0.0588296256963909	1	0.408886041403834
id959	-0.0541257560893725	0	0.670221016720678
id960	1.7278793542618	1	0.344957158174047
id961	1.22715191277875	1	0.384271498437082
id962	1.5400349833927	1	0.140882374522837
id963	0.795475096970683	0	0.340675488014905
id964	3.30674620947691	0	0.258681687593968
id965	3.3703678365469	1	0.208372241794407
id966	-0.254644295841194	0	0.251968576529522
id967	2.12392660296204	1	0.422242222233678
id968	0.834343758123798	1	0.471665351700975
id969	0.561235173763314	1	-0.0854460479393465
id970	1.48329288753117	1	0.502135982219188
id971	-0.442810687857016	0	0.451255660806286
id972	0.400960599708634	1	-0.275856794773027
id973	-0.140410471767392	1	0.301439520678017
id974	0.119775866951606	0	-0.266180499012061
id975	0.634661745196278	1	0.157444848351484
id977	1.82686267296535	0	0.462282878904165
id980	4.12596587640139	1	0.312988108963598
id981	-0.933533129837216	0	0.673976602275754
id982	1.03100250848146	0	-0.692834415256286
id984	1.44499953977292	0	-0.157105984855443
id985	0.999947507411497	1	0.645197595226174
id986	3.03023129652829	1	0.121105016374263
id988	2.40551753167871	1	0.616616470196537
id990	5.09431025169244	1	1.16619110346336
id992	-1.87500861919376	0	0.868439534556133
id993	3.14462207796291	1	0.274794334163964
id997	0.34602486510059	0	0.426239025714967
id998	-0.437981642610377	0	0.197034510429448
id999	0.846714447443552	1	0.554793745623835
id1000	1.14203041298464	0	0.171420828707088
